%YAML:1.0

cam0:
  T_imu_cam:
    - [-0.0142497194, 0.4676763051, 0.8837849394, 0.0413451127]
    - [-0.9998808244, -0.0119154778, -0.0098162281, 0.0281206669]
    - [0.0059399026, -0.8838194924, 0.4677903617, 0.0515954431]
    - [0.0, 0.0, 0.0, 1.0]
  cam_overlaps: []
  camera_model: pinhole
  distortion_coeffs: [0.0478, -0.0282, 0.0376, -0.0184]
  distortion_model: equidistant
  intrinsics: [291.520, 390.011, 316.447, 240.442]
  resolution: [640, 480]
  rostopic: /camera/image_raw
