%YAML:1.0

cam0:
  T_imu_cam:
    - [0.0007920301, 0.4329444519, 0.9014202540, 0.2494275282]
    - [-0.9998939960, -0.0127624850, 0.0070082663, -0.1240639924]
    - [0.0145385525, -0.9013302505, 0.4328884498, 0.4643931889]
    - [0.0, 0.0, 0.0, 1.0]
  cam_overlaps: []
  camera_model: pinhole
  distortion_coeffs: [0.037, -0.012, 0.024, -0.011]
  distortion_model: equidistant
  intrinsics: [265.249, 340.573, 318.979, 257.933]
  resolution: [640, 480]
  rostopic: /camera/image_raw
